				used#1	new
cntrl-l			8	9	9	8	
shift-l			11	10	11	10	
shift-r			23	11	11	23	
alt-l			14	22	14	22	
alt-r			17	22	17	22	
gui				12	19	12	19	
fn				12	13	12	13	
a				7	10	7	10	
b				10	26	10	26	
c				9	16	9	16	
d				16	14	14	16	
e				16	17	17	16	
f				19	21	19	21	
g				14	26	14	26	
h				19	25	19	25	
i				17	27	17	27	
j				14	28	28	14	
k				19	27	19	27	
l				19	20	19	20	
m				9	28	28	9	
n				10	25	10	25	
o				17	20	17	20	
p				19	24	19	24	
q				7	14	7	14	
r				21	18	18	21	
s				14	15	14	15	
t				17	26	17	26	
u				28	17	17	28	
v				9	21	21	9	
w				15	19	15	19	
x				15	9	15	9	
y				18	25	18	25	
z				7	13	7	13	
`				10	15	15	10	
1				7	17	17	7	
2				15	17	15	17	
3				16	18	18	16	
4				21	23	23	21	
5				18	26	18	26	
6				23	25	23	25	
7				18	28	28	18	
8				18	27	18	27	
9				18	20	20	18	
0				18	24	18	24	
-				17	24	17	24	
=				18	29	18	29	
bckspace		19	29	19	29	
esc				7	23	7	23	
f1				7	18	7	18	
f2				15	23	15	23	
f3				15	18	15	18	
f4				23	16	16	23	
f5				16	19	16	19	
f6				17	21	17	21	
f7				23	26	23	26	
f8				19	26	19	26	
f9				17	25	17	25	
f10				23	28	23	28	
f11				23	27	23	27	
f12				20	23	23	20	
insert			9	27	9	27	
delete			9	20	20	9	
home			17	30	17	30	
pg-up			19	30	19	30	
pg-dn			14	30	14	30	
end				9	30	9	30	
arrow-r			13	20	13	20	
arrow-l			13	25	13	25	
arrow-u			13	28	13	28	
arrow-d			13	27	13	27	
menu			30	13	13	30	
/				13	24	13	24	
period			14	20	14	20	
comma			14	27	14	27	
;				9	24	9	24	
'				9	29	9	29	
enter			10	29	10	29	
[				14	24	14	24	
]				14	29	14	29	
\				10	30	10	30	
caps-lck		7	9	9	7	
tab				7	19	7	19	
space			23	24	23	24	
prt-sc			13	16	13	16	
pause			21	13	21	13	











