Thinkpad		--T61-- --X61--
cntrl-l			7	32	7	32	
cntrl-r			22	32	22	32	
shift-l			19	28	19	28	
shift-r			22	28	22	28	
alt-l			8	10	8	10	
alt-r			10	23	10	23	
gui				6	14	6	14	
fn	(known to be I/O 18 and ground)					
a				5	26	5	26	
b				23	25	23	25	
c				17	22	17	22	
d				5	17	5	17	
e				6	17	6	17	
f				5	25	5	25	
g				8	25	8	25	
h				8	15	8	15	
i				6	9	6	9	
j				5	15	5	15	
k				5	9	5	9	
l				5	16	5	16	
m				15	22	15	22	
n				15	23	15	23	
o				6	16	6	16	
p				6	27	6	27	
q				6	26	6	26	
r				6	25	6	25	
s				5	31	5	31	
t				19	25	19	25	
u				6	15	6	15	
v				22	25	22	25	
w				6	31	6	31	
x				22	31	22	31	
y				15	19	15	19	
z				22	26	22	26	
`				7	26	7	26	
1				4	26	4	26	
2				4	31	4	31	
3				4	17	4	17	
4				4	25	4	25	
5				7	25	7	25	
6				7	15	7	15	
7				4	15	4	15	
8				4	9	4	9	
9				4	16	4	16	
0				4	27	4	27	
-				7	27	7	27	
=				7	9	7	9	
bckspace		23	33	19	33	********Different*********	
esc				8	26	8	26	
f1				7	31	7	31	
f2				7	17	7	17	
f3				17	19	17	19	
f4				8	17	8	17	
f5				8	33	8	33	
f6				8	9	8	9	
f7				16	19	16	19	
f8				7	16	7	16	
f9				7	33	7	33	
f10				4	33	4	33	
f11				4	29	4	29	
f12				4	24	4	24	
insert			7	24	7	24	
delete			7	29	7	29	
home			7	30	7	30	
pg-up			7	14	7	14	
pg-dn			4	14	4	14	
end				4	30	4	30	
arrow-r			23	24	23	24	
arrow-l			23	30	23	30	
arrow-u			8	30	8	30	
arrow-d			23	29	23	29	
menu			5	14	5	14	
/				23	27	23	27	
period			16	22	16	22	
comma			9	22	9	22	
;				5	27	5	27	
'				8	27	8	27	
enter			22	33	22	33	
[				19	27	19	27	
]				9	19	9	19	
\ right			5	33	22	27  ********Different*********
\ left			None	8	31	********Different*********	
caps-lck		19	31	19	31	
tab				19	26	19	26	
space			23	33	23	33	
prt-sc			4	10	4	10	
Scr-lk			6	10	6	10	
page left 		14	22	14	22	
page right		14	23	14	23	
mute			5	29	5	29	
volume down		19	29	19	29	
volume up		6	29	6	29	
thinkvantage	8	29	8	29	
